{
  "advancedEditorSelectedIdentifier" : "ProjectBrowser",
  "openSceneRelativePaths" : [
    "Scene.usda",
    "Materials\/GridMaterial.usda"
  ],
  "recentIdentifiers" : {
    "26DBAE76-5DD8-47B6-A085-1B4ADA111097" : [

    ],
    "191165EB-0AD5-4FB5-AEE7-A93033086EA3" : [

    ]
  },
  "sceneCameraHistory" : {
    "26DBAE76-5DD8-47B6-A085-1B4ADA111097" : [
      {
        "date" : 733513853.011061,
        "title" : "Untitled",
        "transform" : [
          -0.69232816,
          4.9773163e-09,
          0.7215827,
          0,
          0.61358607,
          0.5262442,
          0.5887098,
          0,
          -0.3797288,
          0.85033345,
          -0.3643337,
          0,
          -0.15578511,
          0.4578222,
          -0.13575284,
          1
        ]
      },
      {
        "date" : 733513841.672607,
        "title" : "Untitled",
        "transform" : [
          -0.69232816,
          4.9773163e-09,
          0.7215827,
          0,
          0.61358607,
          0.5262442,
          0.5887098,
          0,
          -0.3797288,
          0.85033345,
          -0.3643337,
          0,
          -0.29319608,
          0.5849447,
          -0.28058764,
          1
        ]
      },
      {
        "date" : 733512314.95559,
        "title" : "Untitled",
        "transform" : [
          -0.69545346,
          -2.4030017e-08,
          0.71857107,
          0,
          -0.71813333,
          0.034899626,
          -0.69502985,
          0,
          -0.025077857,
          -0.9993908,
          -0.024271036,
          0,
          -0.033463232,
          -0.008515524,
          -0.031510763,
          1
        ]
      },
      {
        "date" : 733512308.362737,
        "title" : "Untitled",
        "transform" : [
          -0.6635265,
          2.6343727e-08,
          0.7481528,
          0,
          -0.6293761,
          0.54066175,
          -0.5581851,
          0,
          -0.40449756,
          -0.8412401,
          -0.3587434,
          0,
          -0.06398919,
          -0.0003988213,
          -0.05445276,
          1
        ]
      },
      {
        "date" : 733512275.496296,
        "title" : "Untitled",
        "transform" : [
          -0.6635265,
          2.6343727e-08,
          0.7481528,
          0,
          -0.6293761,
          0.54066175,
          -0.5581851,
          0,
          -0.40449756,
          -0.8412401,
          -0.3587434,
          0,
          -0.059249178,
          -0.0044158036,
          -0.05037765,
          1
        ]
      },
      {
        "date" : 733512267.392731,
        "title" : "Untitled",
        "transform" : [
          -0.6635265,
          2.6343727e-08,
          0.7481528,
          0,
          -0.6293761,
          0.54066175,
          -0.5581851,
          0,
          -0.40449756,
          -0.8412401,
          -0.3587434,
          0,
          -0.05950839,
          -0.06269469,
          -0.04028628,
          1
        ]
      },
      {
        "date" : 733512263.617675,
        "title" : "Untitled",
        "transform" : [
          -0.6508822,
          -4.4856865e-09,
          0.75917876,
          0,
          0.064231224,
          0.9964145,
          0.055068675,
          0,
          -0.75645673,
          0.0846062,
          -0.6485484,
          0,
          -0.124920845,
          0.17692015,
          -0.09161043,
          1
        ]
      },
      {
        "date" : 733512251.132205,
        "title" : "Untitled",
        "transform" : [
          -0.6508822,
          -4.4856865e-09,
          0.75917876,
          0,
          0.064231224,
          0.9964145,
          0.055068675,
          0,
          -0.75645673,
          0.0846062,
          -0.6485484,
          0,
          -0.11828912,
          0.18616125,
          -0.09814002,
          1
        ]
      },
      {
        "date" : 733512248.412969,
        "title" : "Untitled",
        "transform" : [
          -0.6508822,
          -4.4856865e-09,
          0.75917876,
          0,
          0.064231224,
          0.9964145,
          0.055068675,
          0,
          -0.75645673,
          0.0846062,
          -0.6485484,
          0,
          -0.122584395,
          0.116249114,
          -0.10225046,
          1
        ]
      },
      {
        "date" : 733512242.96213,
        "title" : "Untitled",
        "transform" : [
          -0.6508822,
          -4.4856865e-09,
          0.75917876,
          0,
          0.064231224,
          0.9964145,
          0.055068675,
          0,
          -0.75645673,
          0.0846062,
          -0.6485484,
          0,
          -0.13438083,
          0.002444584,
          -0.10333763,
          1
        ]
      }
    ],
    "503F0AA6-1845-4C1F-AF2E-44407C61346E" : [
      {
        "date" : 730065928.864709,
        "title" : "Untitled",
        "transform" : [
          1,
          0,
          -0,
          0,
          -0,
          0.8660253,
          -0.5000001,
          0,
          0,
          0.5000001,
          0.8660253,
          0,
          0,
          0.30532557,
          0.52883947,
          1
        ]
      }
    ],
    "191165EB-0AD5-4FB5-AEE7-A93033086EA3" : [
      {
        "date" : 730065954.418862,
        "title" : "Untitled",
        "transform" : [
          1,
          0,
          0,
          0,
          0,
          0.8660254,
          -0.5,
          0,
          0,
          0.5,
          0.8660254,
          0,
          0.0032748496,
          0.3539713,
          0.6198448,
          1
        ]
      },
      {
        "date" : 730065828.967188,
        "title" : "Untitled",
        "transform" : [
          1,
          0,
          0,
          0,
          0,
          0.8660254,
          -0.5,
          0,
          0,
          0.5,
          0.8660254,
          0,
          -0.004537098,
          0.08663997,
          0.14028022,
          1
        ]
      },
      {
        "date" : 730065758.820355,
        "title" : "Untitled",
        "transform" : [
          1,
          0,
          -0,
          0,
          -0,
          0.8660254,
          -0.5,
          0,
          0,
          0.5,
          0.8660254,
          0,
          -1.4901161e-08,
          0.0758346,
          0.1465187,
          1
        ]
      },
      {
        "date" : 730065751.627063,
        "title" : "Untitled",
        "transform" : [
          1,
          0,
          -0,
          0,
          -0,
          0.8660254,
          -0.5,
          0,
          0,
          0.5,
          0.8660254,
          0,
          0,
          0.24279216,
          0.42052838,
          1
        ]
      }
    ]
  },
  "selectedSceneRelativePath" : "Scene.usda"
}