{
  "advancedEditorSelectedIdentifier" : "ShaderGraphEditorPluginID",
  "openSceneRelativePaths" : [
    "Scene.usda",
    "Materials\/GridMaterial.usda",
    "CloudTest.usda"
  ],
  "recentIdentifiers" : {
    "26DBAE76-5DD8-47B6-A085-1B4ADA111097" : [

    ],
    "4203E9A4-2CED-4546-B71B-C93B79972671" : [

    ],
    "191165EB-0AD5-4FB5-AEE7-A93033086EA3" : [

    ]
  },
  "sceneCameraHistory" : {
    "26DBAE76-5DD8-47B6-A085-1B4ADA111097" : [
      {
        "date" : 736049707.146867,
        "title" : "Untitled",
        "transform" : [
          0.9592853,
          6.7736075e-09,
          -0.28243896,
          0,
          0.07526374,
          0.96384096,
          0.25562847,
          0,
          0.27222618,
          -0.26647806,
          0.92459846,
          0,
          0.06636129,
          -0.053938985,
          0.19815432,
          1
        ]
      },
      {
        "date" : 736049702.996592,
        "title" : "Untitled",
        "transform" : [
          0.95928526,
          2.1136288e-09,
          -0.28243896,
          0,
          0.27393824,
          0.24349317,
          0.93041325,
          0,
          0.0687719,
          -0.96990263,
          0.2335794,
          0,
          -0.0017426834,
          -0.33632284,
          0.032901973,
          1
        ]
      },
      {
        "date" : 736049700.37993,
        "title" : "Untitled",
        "transform" : [
          0.95896864,
          -8.937139e-09,
          -0.28351218,
          0,
          -0.0014784493,
          0.99998647,
          -0.0050007803,
          0,
          0.28350833,
          0.0052147377,
          0.9589556,
          0,
          0.058300458,
          -0.13090588,
          0.24143825,
          1
        ]
      },
      {
        "date" : 736028792.076068,
        "title" : "Untitled",
        "transform" : [
          0.95896864,
          -8.937139e-09,
          -0.28351218,
          0,
          -0.0014784493,
          0.99998647,
          -0.0050007803,
          0,
          0.28350833,
          0.0052147377,
          0.9589556,
          0,
          0.052758314,
          0.020493772,
          0.24225348,
          1
        ]
      },
      {
        "date" : 734905874.007155,
        "title" : "Untitled",
        "transform" : [
          0.95896864,
          -8.937139e-09,
          -0.28351218,
          0,
          -0.0014784493,
          0.99998647,
          -0.0050007803,
          0,
          0.28350833,
          0.0052147377,
          0.9589556,
          0,
          0.0340189,
          0.02686505,
          0.19822879,
          1
        ]
      },
      {
        "date" : 734903573.700485,
        "title" : "Untitled",
        "transform" : [
          0.95896864,
          -8.937139e-09,
          -0.28351218,
          0,
          -0.0014784493,
          0.99998647,
          -0.0050007803,
          0,
          0.28350833,
          0.0052147377,
          0.9589556,
          0,
          0.055060863,
          -0.057322368,
          0.19246572,
          1
        ]
      },
      {
        "date" : 734903550.350991,
        "title" : "Untitled",
        "transform" : [
          0.95896864,
          -8.937139e-09,
          -0.28351218,
          0,
          -0.0014784493,
          0.99998647,
          -0.0050007803,
          0,
          0.28350833,
          0.0052147377,
          0.9589556,
          0,
          0.054698937,
          -0.06076686,
          0.19259143,
          1
        ]
      },
      {
        "date" : 734903379.154058,
        "title" : "Untitled",
        "transform" : [
          0.95896864,
          -8.937139e-09,
          -0.28351218,
          0,
          -0.0014784493,
          0.99998647,
          -0.0050007803,
          0,
          0.28350833,
          0.0052147377,
          0.9589556,
          0,
          0.04396844,
          -0.0010703057,
          0.1954392,
          1
        ]
      },
      {
        "date" : 734903289.883761,
        "title" : "Untitled",
        "transform" : [
          0.95896864,
          -8.937139e-09,
          -0.28351218,
          0,
          -0.0014784493,
          0.99998647,
          -0.0050007803,
          0,
          0.28350833,
          0.0052147377,
          0.9589556,
          0,
          0.042913854,
          -0.0324509,
          0.1959216,
          1
        ]
      },
      {
        "date" : 734903258.623681,
        "title" : "Untitled",
        "transform" : [
          0.95896864,
          -8.937139e-09,
          -0.28351218,
          0,
          -0.0014784493,
          0.99998647,
          -0.0050007803,
          0,
          0.28350833,
          0.0052147377,
          0.9589556,
          0,
          0.029305302,
          -0.011786774,
          0.19983251,
          1
        ]
      }
    ],
    "503F0AA6-1845-4C1F-AF2E-44407C61346E" : [
      {
        "date" : 730065928.864709,
        "title" : "Untitled",
        "transform" : [
          1,
          0,
          -0,
          0,
          -0,
          0.8660253,
          -0.5000001,
          0,
          0,
          0.5000001,
          0.8660253,
          0,
          0,
          0.30532557,
          0.52883947,
          1
        ]
      }
    ],
    "4203E9A4-2CED-4546-B71B-C93B79972671" : [
      {
        "date" : 735452427.336577,
        "title" : "Untitled",
        "transform" : [
          0.2707788,
          -2.9280898e-08,
          0.9626416,
          0,
          0.7645725,
          0.6075988,
          -0.21506447,
          0,
          -0.58489984,
          0.7942441,
          0.16452491,
          0,
          -0.051623862,
          0.07801245,
          0.013548021,
          1
        ]
      },
      {
        "date" : 735452410.407089,
        "title" : "Untitled",
        "transform" : [
          0.2707788,
          -2.9280898e-08,
          0.9626416,
          0,
          0.7645725,
          0.6075988,
          -0.21506447,
          0,
          -0.58489984,
          0.7942441,
          0.16452491,
          0,
          -0.09828873,
          0.148531,
          0.025794616,
          1
        ]
      },
      {
        "date" : 735452011.946114,
        "title" : "Untitled",
        "transform" : [
          0.2707788,
          -2.9280898e-08,
          0.9626416,
          0,
          0.7645725,
          0.6075988,
          -0.21506447,
          0,
          -0.58489984,
          0.7942441,
          0.16452491,
          0,
          -7.5756736,
          11.448132,
          1.9881382,
          1
        ]
      },
      {
        "date" : 735452006.260532,
        "title" : "Untitled",
        "transform" : [
          0.26720756,
          -2.9280898e-08,
          0.96363896,
          0,
          0.76536465,
          0.6075988,
          -0.21222804,
          0,
          -0.58550584,
          0.7942441,
          0.16235504,
          0,
          -0.091955446,
          0.13882619,
          0.023768436,
          1
        ]
      },
      {
        "date" : 735452004.993527,
        "title" : "Untitled",
        "transform" : [
          0.26720756,
          -2.9280898e-08,
          0.96363896,
          0,
          0.76536465,
          0.6075988,
          -0.21222804,
          0,
          -0.58550584,
          0.7942441,
          0.16235504,
          0,
          -0.10177526,
          0.15365127,
          0.026306638,
          1
        ]
      },
      {
        "date" : 735452000.809727,
        "title" : "Untitled",
        "transform" : [
          0.2545068,
          -1.6323668e-08,
          0.967071,
          0,
          -0.10889808,
          0.99363977,
          0.02865903,
          0,
          -0.96092016,
          -0.11260609,
          0.25288808,
          0,
          -0.039964683,
          0.011139784,
          0.00957255,
          1
        ]
      },
      {
        "date" : 735451995.815368,
        "title" : "Untitled",
        "transform" : [
          0.25450692,
          -5.696527e-09,
          0.96707094,
          0,
          -0.10889808,
          0.9936397,
          0.028659018,
          0,
          -0.96092016,
          -0.11260611,
          0.2528881,
          0,
          -91.513374,
          -21.624378,
          34.024807,
          1
        ]
      },
      {
        "date" : 735451891.201322,
        "title" : "Untitled",
        "transform" : [
          0.25450692,
          -5.696527e-09,
          0.96707094,
          0,
          -0.10889808,
          0.9936397,
          0.028659018,
          0,
          -0.96092016,
          -0.11260611,
          0.2528881,
          0,
          -7.4058323,
          -1.7499795,
          2.7534995,
          1
        ]
      },
      {
        "date" : 735451878.397971,
        "title" : "Untitled",
        "transform" : [
          0.64295536,
          -1.1287631e-08,
          0.76590365,
          0,
          0.25429884,
          0.94327074,
          -0.21347699,
          0,
          -0.7224546,
          0.33202457,
          0.60648096,
          0,
          -5.503533,
          1.8544103,
          5.6358523,
          1
        ]
      },
      {
        "date" : 735451849.922286,
        "title" : "Untitled",
        "transform" : [
          0.64295536,
          -1.1287631e-08,
          0.76590365,
          0,
          0.25429884,
          0.94327074,
          -0.21347699,
          0,
          -0.7224546,
          0.33202457,
          0.60648096,
          0,
          -0.44174036,
          0.148844,
          0.452361,
          1
        ]
      }
    ],
    "191165EB-0AD5-4FB5-AEE7-A93033086EA3" : [
      {
        "date" : 730065954.418862,
        "title" : "Untitled",
        "transform" : [
          1,
          0,
          0,
          0,
          0,
          0.8660254,
          -0.5,
          0,
          0,
          0.5,
          0.8660254,
          0,
          0.0032748496,
          0.3539713,
          0.6198448,
          1
        ]
      },
      {
        "date" : 730065828.967188,
        "title" : "Untitled",
        "transform" : [
          1,
          0,
          0,
          0,
          0,
          0.8660254,
          -0.5,
          0,
          0,
          0.5,
          0.8660254,
          0,
          -0.004537098,
          0.08663997,
          0.14028022,
          1
        ]
      },
      {
        "date" : 730065758.820355,
        "title" : "Untitled",
        "transform" : [
          1,
          0,
          -0,
          0,
          -0,
          0.8660254,
          -0.5,
          0,
          0,
          0.5,
          0.8660254,
          0,
          -1.4901161e-08,
          0.0758346,
          0.1465187,
          1
        ]
      },
      {
        "date" : 730065751.627063,
        "title" : "Untitled",
        "transform" : [
          1,
          0,
          -0,
          0,
          -0,
          0.8660254,
          -0.5,
          0,
          0,
          0.5,
          0.8660254,
          0,
          0,
          0.24279216,
          0.42052838,
          1
        ]
      }
    ]
  },
  "selectedSceneRelativePath" : "Scene.usda"
}